g++ tuan4_bai1.cpp -o a -I ./eigen-3.4.0/

g++ tuan4_bai2.cpp -o a -I ./eigen-3.4.0/

g++ test.cpp -o a -I ./eigen-3.4.0/

g++ svd.cpp -o a -I ./eigen-3.4.0/

g++ t.cpp -o a -I ./eigen-3.4.0/

3 1 2 1 4 5 6 7 8 9

cholesky 3x3: 3 25 15 -5 15 18 0 -5 0 11
cholesky 4x4: 4 18 22 54 42 22 70 86 62 54 86 174 134 42 62 134 106
cholesky 5x5: 5 5 3 0 1 2 3 4 -2 4.5 0 0 -2 3 -3 3 1 4.5 -3 2 2.6 2 0 3 2.6 5

svd
1> Input A==> Output U, D, V
2> Report: ứng dụng SVD trong RS và PCA 

8 3 2 5 3 1 2 1 4 1 1 3 5 2 5 3 1 4 5 5 2 4 2 2 2 5

4 3 0.89567563 0.03909519 0.31390465 0.4367252  0.22441828 0.07659871 0.19787533 0.14526943 0.82205807 0.2891259  0.96021727 0.61626332

----- Matrix U: -----
[[-0.46533546 -0.78877627  0.04027515 -0.39959081]
 [-0.26686988 -0.25883604  0.35553092  0.85754425]
 [-0.4691353   0.11331096 -0.84295727  0.23768832]
 [-0.70153791  0.54589059  0.4017446  -0.22011203]]

----- Matrix S: -----
[1.5259952  0.79937571 0.55047719]

----- Matrix V: -----
[[-0.54325303 -0.53726427 -0.64515367]
 [-0.79971826  0.56507757  0.20282514]
 [ 0.25559117  0.62612654 -0.73664015]]

3 0.87989763 0.62715642 0.98224903 0.51573082 0.03119401 0.13968246 0.77963917 0.44920137 0.25665982

----- Matrix U: -----
[[-0.82095421  0.55940398 -0.11446125]
 [-0.26145329 -0.54648796 -0.79560863]
 [-0.50761833 -0.62323198  0.5948996 ]]

----- Matrix S: -----
[1.75529394 0.42058319 0.19070147]

----- Matrix V: -----
[[-0.71381453 -0.42787439 -0.55442973]
 [-0.65508684  0.1279889   0.74463419]
 [-0.24764905  0.89473032 -0.37165522]]


3 3 0.32994426 0.99145732 0.72935303 0.82801785 0.01976651 0.53884362 0.09204461 0.96645784 0.65100114

----- Matrix U: -----
[[-0.70415714  0.12265329 -0.69937035]
 [-0.33506022 -0.92580424  0.17498899]
 [-0.62601707  0.35755094  0.69300791]]

----- Matrix S: -----
[1.80308742 0.84451798 0.04630294]

----- Matrix V: -----
[[-0.3146769  -0.72641171 -0.61098648]
 [-0.82082687  0.53150258 -0.20916084]
 [-0.47667777 -0.43569603  0.76350983]]

6 1 1 2 0 0 2 2 3 1 -1 -1 2

g++ tuan6.cpp -o a -I ./eigen-3.4.0/